2: 2
4: 2 2
6: 2 3
10: 2 5
12: 2 2 3
16: 2 2 2 2
18: 2 3 3
22: 2 11
28: 2 2 7
30: 2 3 5
36: 2 2 3 3
40: 2 2 2 5
42: 2 3 7
46: 2 23
52: 2 2 13
58: 2 29
60: 2 2 3 5
66: 2 3 11
70: 2 5 7
72: 2 2 2 3 3
78: 2 3 13
82: 2 41
88: 2 2 2 11
96: 2 2 2 2 2 3
100: 2 2 5 5
102: 2 3 17
106: 2 53
108: 2 2 3 3 3
112: 2 2 2 2 7
126: 2 3 3 7
130: 2 5 13
136: 2 2 2 17
138: 2 3 23
148: 2 2 37
150: 2 3 5 5
156: 2 2 3 13
162: 2 3 3 3 3
166: 2 83
172: 2 2 43
178: 2 89
180: 2 2 3 3 5
190: 2 5 19
192: 2 2 2 2 2 2 3
196: 2 2 7 7
198: 2 3 3 11
210: 2 3 5 7
222: 2 3 37
226: 2 113
228: 2 2 3 19
232: 2 2 2 29
238: 2 7 17
240: 2 2 2 2 3 5
250: 2 5 5 5
256: 2 2 2 2 2 2 2 2
262: 2 131
268: 2 2 67
270: 2 3 3 3 5
276: 2 2 3 23
280: 2 2 2 5 7
282: 2 3 47
292: 2 2 73
306: 2 3 3 17
310: 2 5 31
312: 2 2 2 3 13
316: 2 2 79
330: 2 3 5 11
336: 2 2 2 2 3 7
346: 2 173
348: 2 2 3 29
352: 2 2 2 2 2 11
358: 2 179
366: 2 3 61
372: 2 2 3 31
378: 2 3 3 3 7
382: 2 191
388: 2 2 97
396: 2 2 3 3 11
400: 2 2 2 2 5 5
408: 2 2 2 3 17
418: 2 11 19
420: 2 2 3 5 7
430: 2 5 43
432: 2 2 2 2 3 3 3
438: 2 3 73
442: 2 13 17
448: 2 2 2 2 2 2 7
456: 2 2 2 3 19
460: 2 2 5 23
462: 2 3 7 11
466: 2 233
478: 2 239
486: 2 3 3 3 3 3
490: 2 5 7 7
498: 2 3 83
502: 2 251
508: 2 2 127
520: 2 2 2 5 13
522: 2 3 3 29
540: 2 2 3 3 3 5
546: 2 3 7 13
556: 2 2 139
562: 2 281
568: 2 2 2 71
570: 2 3 5 19
576: 2 2 2 2 2 2 3 3
586: 2 293
592: 2 2 2 2 37
598: 2 13 23
600: 2 2 2 3 5 5
606: 2 3 101
612: 2 2 3 3 17
616: 2 2 2 7 11
618: 2 3 103
630: 2 3 3 5 7
640: 2 2 2 2 2 2 2 5
642: 2 3 107
646: 2 17 19
652: 2 2 163
658: 2 7 47
660: 2 2 3 5 11
672: 2 2 2 2 2 3 7
676: 2 2 13 13
682: 2 11 31
690: 2 3 5 23
700: 2 2 5 5 7
708: 2 2 3 59
718: 2 359
726: 2 3 11 11
732: 2 2 3 61
738: 2 3 3 41
742: 2 7 53
750: 2 3 5 5 5
756: 2 2 3 3 3 7
760: 2 2 2 5 19
768: 2 2 2 2 2 2 2 2 3
772: 2 2 193
786: 2 3 131
796: 2 2 199
808: 2 2 2 101
810: 2 3 3 3 3 5
820: 2 2 5 41
822: 2 3 137
826: 2 7 59
828: 2 2 3 3 23
838: 2 419
852: 2 2 3 71
856: 2 2 2 107
858: 2 3 11 13
862: 2 431
876: 2 2 3 73
880: 2 2 2 2 5 11
882: 2 3 3 7 7
886: 2 443
906: 2 3 151
910: 2 5 7 13
918: 2 3 3 3 17
928: 2 2 2 2 2 29
936: 2 2 2 3 3 13
940: 2 2 5 47
946: 2 11 43
952: 2 2 2 7 17
966: 2 3 7 23
970: 2 5 97
976: 2 2 2 2 61
982: 2 491
990: 2 3 3 5 11
996: 2 2 3 83
1008: 2 2 2 2 3 3 7
1012: 2 2 11 23
1018: 2 509
1020: 2 2 3 5 17
1030: 2 5 103
1032: 2 2 2 3 43
1038: 2 3 173
1048: 2 2 2 131
1050: 2 3 5 5 7
1060: 2 2 5 53
1062: 2 3 3 59
1068: 2 2 3 89
1086: 2 3 181
1090: 2 5 109
1092: 2 2 3 7 13
1096: 2 2 2 137
1102: 2 19 29
1108: 2 2 277
1116: 2 2 3 3 31
1122: 2 3 11 17
1128: 2 2 2 3 47
1150: 2 5 5 23
1152: 2 2 2 2 2 2 2 3 3
1162: 2 7 83
1170: 2 3 3 5 13
1180: 2 2 5 59
1186: 2 593
1192: 2 2 2 149
1200: 2 2 2 2 3 5 5
1212: 2 2 3 101
1216: 2 2 2 2 2 2 19
1222: 2 13 47
1228: 2 2 307
1230: 2 3 5 41
1236: 2 2 3 103
1248: 2 2 2 2 2 3 13
1258: 2 17 37
1276: 2 2 11 29
1278: 2 3 3 71
1282: 2 641
1288: 2 2 2 7 23
1290: 2 3 5 43
1296: 2 2 2 2 3 3 3 3
1300: 2 2 5 5 13
1302: 2 3 7 31
1306: 2 653
1318: 2 659
1320: 2 2 2 3 5 11
1326: 2 3 13 17
1360: 2 2 2 2 5 17
1366: 2 683
1372: 2 2 7 7 7
1380: 2 2 3 5 23
1398: 2 3 233
1408: 2 2 2 2 2 2 2 11
1422: 2 3 3 79
1426: 2 23 31
1428: 2 2 3 7 17
1432: 2 2 2 179
1438: 2 719
1446: 2 3 241
1450: 2 5 5 29
1452: 2 2 3 11 11
1458: 2 3 3 3 3 3 3
1470: 2 3 5 7 7
1480: 2 2 2 5 37
1482: 2 3 13 19
1486: 2 743
1488: 2 2 2 2 3 31
1492: 2 2 373
1498: 2 7 107
1510: 2 5 151
1522: 2 761
1530: 2 3 3 5 17
1542: 2 3 257
1548: 2 2 3 3 43
1552: 2 2 2 2 97
1558: 2 19 41
1566: 2 3 3 3 29
1570: 2 5 157
1578: 2 3 263
1582: 2 7 113
1596: 2 2 3 7 19
1600: 2 2 2 2 2 2 5 5
1606: 2 11 73
1608: 2 2 2 3 67
1612: 2 2 13 31
1618: 2 809
1620: 2 2 3 3 3 3 5
1626: 2 3 271
1636: 2 2 409
1656: 2 2 2 3 3 23
1662: 2 3 277
1666: 2 7 7 17
1668: 2 2 3 139
1692: 2 2 3 3 47
1696: 2 2 2 2 2 53
1698: 2 3 283
1708: 2 2 7 61
1720: 2 2 2 5 43
1722: 2 3 7 41
1732: 2 2 433
1740: 2 2 3 5 29
1746: 2 3 3 97
1752: 2 2 2 3 73
1758: 2 3 293
1776: 2 2 2 2 3 37
1782: 2 3 3 3 3 11
1786: 2 19 47
1788: 2 2 3 149
1800: 2 2 2 3 3 5 5
1810: 2 5 181
1822: 2 911
1830: 2 3 5 61
1846: 2 13 71
1860: 2 2 3 5 31
1866: 2 3 311
1870: 2 5 11 17
1872: 2 2 2 2 3 3 13
1876: 2 2 7 67
1878: 2 3 313
1888: 2 2 2 2 2 59
1900: 2 2 5 5 19
1906: 2 953
1912: 2 2 2 239
1930: 2 5 193
1932: 2 2 3 7 23
1948: 2 2 487
1950: 2 3 5 5 13
1972: 2 2 17 29
1978: 2 23 43
1986: 2 3 331
1992: 2 2 2 3 83
1996: 2 2 499
1998: 2 3 3 3 37
2002: 2 7 11 13
2010: 2 3 5 67
2016: 2 2 2 2 2 3 3 7
2026: 2 1013
2028: 2 2 3 13 13
2038: 2 1019
2052: 2 2 3 3 3 19
2062: 2 1031
2068: 2 2 11 47
2080: 2 2 2 2 2 5 13
2082: 2 3 347
2086: 2 7 149
2088: 2 2 2 3 3 29
2098: 2 1049
2110: 2 5 211
2112: 2 2 2 2 2 2 3 11
2128: 2 2 2 2 7 19
2130: 2 3 5 71
2136: 2 2 2 3 89
2140: 2 2 5 107
2142: 2 3 3 7 17
2152: 2 2 2 269
2160: 2 2 2 2 3 3 3 5
2178: 2 3 3 11 11
2202: 2 3 367
2206: 2 1103
2212: 2 2 7 79
2220: 2 2 3 5 37
2236: 2 2 13 43
2238: 2 3 373
2242: 2 19 59
2250: 2 3 3 5 5 5
2266: 2 11 103
2268: 2 2 3 3 3 3 7
2272: 2 2 2 2 2 71
2280: 2 2 2 3 5 19
2286: 2 3 3 127
2292: 2 2 3 191
2296: 2 2 2 7 41
2308: 2 2 577
2310: 2 3 5 7 11
2332: 2 2 11 53
2338: 2 7 167
2340: 2 2 3 3 5 13
2346: 2 3 17 23
2350: 2 5 5 47
2356: 2 2 19 31
2370: 2 3 5 79
2376: 2 2 2 3 3 3 11
2380: 2 2 5 7 17
2382: 2 3 397
2388: 2 2 3 199
2392: 2 2 2 13 23
2398: 2 11 109
2410: 2 5 241
2416: 2 2 2 2 151
2422: 2 7 173
2436: 2 2 3 7 29
2440: 2 2 2 5 61
2446: 2 1223
2458: 2 1229
2466: 2 3 3 137
2472: 2 2 2 3 103
2476: 2 2 619
2502: 2 3 3 139
2520: 2 2 2 3 3 5 7
2530: 2 5 11 23
2538: 2 3 3 3 47
2542: 2 31 41
2548: 2 2 7 7 13
2550: 2 3 5 5 17
2556: 2 2 3 3 71
2578: 2 1289
2590: 2 5 7 37
2592: 2 2 2 2 2 3 3 3 3
2608: 2 2 2 2 163
2616: 2 2 2 3 109
2620: 2 2 5 131
2632: 2 2 2 7 47
2646: 2 3 3 3 7 7
2656: 2 2 2 2 2 83
2658: 2 3 443
2662: 2 11 11 11
2670: 2 3 5 89
2676: 2 2 3 223
2682: 2 3 3 149
2686: 2 17 79
2688: 2 2 2 2 2 2 2 3 7
2692: 2 2 673
2698: 2 19 71
2706: 2 3 11 41
2710: 2 5 271
2712: 2 2 2 3 113
2718: 2 3 3 151
2728: 2 2 2 11 31
2730: 2 3 5 7 13
2740: 2 2 5 137
2748: 2 2 3 229
2752: 2 2 2 2 2 2 43
2766: 2 3 461
2776: 2 2 2 347
2788: 2 2 17 41
2790: 2 3 3 5 31
2796: 2 2 3 233
2800: 2 2 2 2 5 5 7
2802: 2 3 467
2818: 2 1409
2832: 2 2 2 2 3 59
2836: 2 2 709
2842: 2 7 7 29
2850: 2 3 5 5 19
2856: 2 2 2 3 7 17
2860: 2 2 5 11 13
2878: 2 1439
2886: 2 3 13 37
2896: 2 2 2 2 181
2902: 2 1451
2908: 2 2 727
2916: 2 2 3 3 3 3 3 3
2926: 2 7 11 19
2938: 2 13 113
2952: 2 2 2 3 3 41
2956: 2 2 739
2962: 2 1481
2968: 2 2 2 7 53
2970: 2 3 3 3 5 11
2998: 2 1499
3000: 2 2 2 3 5 5 5
3010: 2 5 7 43
3018: 2 3 503
3022: 2 1511
3036: 2 2 3 11 23
3040: 2 2 2 2 2 5 19
3048: 2 2 2 3 127
3060: 2 2 3 3 5 17
3066: 2 3 7 73
3078: 2 3 3 3 3 19
3082: 2 23 67
3088: 2 2 2 2 193
3108: 2 2 3 7 37
3118: 2 1559
3120: 2 2 2 2 3 5 13
3136: 2 2 2 2 2 2 7 7
3162: 2 3 17 31
3166: 2 1583
3168: 2 2 2 2 2 3 3 11
3180: 2 2 3 5 53
3186: 2 3 3 3 59
3190: 2 5 11 29
3202: 2 1601
3208: 2 2 2 401
3216: 2 2 2 2 3 67
3220: 2 2 5 7 23
3228: 2 2 3 269
3250: 2 5 5 5 13
3252: 2 2 3 271
3256: 2 2 2 11 37
3258: 2 3 3 181
3270: 2 3 5 109
3298: 2 17 97
3300: 2 2 3 5 5 11
3306: 2 3 19 29
3312: 2 2 2 2 3 3 23
3318: 2 3 7 79
3322: 2 11 151
3328: 2 2 2 2 2 2 2 2 13
3330: 2 3 3 5 37
3342: 2 3 557
3346: 2 7 239
3358: 2 23 73
3360: 2 2 2 2 2 3 5 7
3370: 2 5 337
3372: 2 2 3 281
3388: 2 2 7 11 11
3390: 2 3 5 113
3406: 2 13 131
3412: 2 2 853
3432: 2 2 2 3 11 13
3448: 2 2 2 431
3456: 2 2 2 2 2 2 2 3 3 3
3460: 2 2 5 173
3462: 2 3 577
3466: 2 1733
3468: 2 2 3 17 17
3490: 2 5 349
3498: 2 3 11 53
3510: 2 3 3 3 5 13
3516: 2 2 3 293
3526: 2 41 43
3528: 2 2 2 3 3 7 7
3532: 2 2 883
3538: 2 29 61
3540: 2 2 3 5 59
3546: 2 3 3 197
3556: 2 2 7 127
3558: 2 3 593
3570: 2 3 5 7 17
3580: 2 2 5 179
3582: 2 3 3 199
3592: 2 2 2 449
3606: 2 3 601
3612: 2 2 3 7 43
3616: 2 2 2 2 2 113
3622: 2 1811
3630: 2 3 5 11 11
3636: 2 2 3 3 101
3642: 2 3 607
3658: 2 31 59
3670: 2 5 367
3672: 2 2 2 3 3 3 17
3676: 2 2 919
3690: 2 3 3 5 41
3696: 2 2 2 2 3 7 11
3700: 2 2 5 5 37
3708: 2 2 3 3 103
3718: 2 11 13 13
3726: 2 3 3 3 3 23
3732: 2 2 3 311
3738: 2 3 7 89
3760: 2 2 2 2 5 47
3766: 2 7 269
3768: 2 2 2 3 157
3778: 2 1889
3792: 2 2 2 2 3 79
3796: 2 2 13 73
3802: 2 1901
3820: 2 2 5 191
3822: 2 3 7 7 13
3832: 2 2 2 479
3846: 2 3 641
3850: 2 5 5 7 11
3852: 2 2 3 3 107
3862: 2 1931
3876: 2 2 3 17 19
3880: 2 2 2 5 97
3888: 2 2 2 2 3 3 3 3 3
3906: 2 3 3 7 31
3910: 2 5 17 23
3916: 2 2 11 89
3918: 2 3 653
3922: 2 37 53
3928: 2 2 2 491
3930: 2 3 5 131
3942: 2 3 3 3 73
3946: 2 1973
3966: 2 3 661
3988: 2 2 997
4000: 2 2 2 2 2 5 5 5
4002: 2 3 23 29
4006: 2 2003
4012: 2 2 17 59
4018: 2 7 7 41
4020: 2 2 3 5 67
4026: 2 3 11 61
4048: 2 2 2 2 11 23
4050: 2 3 3 3 3 5 5
4056: 2 2 2 3 13 13
4072: 2 2 2 509
4078: 2 2039
4090: 2 5 409
4092: 2 2 3 11 31
4098: 2 3 683
4110: 2 3 5 137
4126: 2 2063
4128: 2 2 2 2 2 3 43
4132: 2 2 1033
4138: 2 2069
4152: 2 2 2 3 173
4156: 2 2 1039
4158: 2 3 3 3 7 11
4176: 2 2 2 2 3 3 29
4200: 2 2 2 3 5 5 7
4210: 2 5 421
4216: 2 2 2 17 31
4218: 2 3 19 37
4228: 2 2 7 151
4230: 2 3 3 5 47
4240: 2 2 2 2 5 53
4242: 2 3 7 101
4252: 2 2 1063
4258: 2 2129
4260: 2 2 3 5 71
4270: 2 5 7 61
4272: 2 2 2 2 3 89
4282: 2 2141
4288: 2 2 2 2 2 2 67
4296: 2 2 2 3 179
4326: 2 3 7 103
4336: 2 2 2 2 271
4338: 2 3 3 241
4348: 2 2 1087
4356: 2 2 3 3 11 11
4362: 2 3 727
4372: 2 2 1093
4390: 2 5 439
4396: 2 2 7 157
4408: 2 2 2 19 29
4420: 2 2 5 13 17
4422: 2 3 11 67
4440: 2 2 2 3 5 37
4446: 2 3 3 13 19
4450: 2 5 5 89
4456: 2 2 2 557
4462: 2 23 97
4480: 2 2 2 2 2 2 2 5 7
4482: 2 3 3 3 83
4492: 2 2 1123
4506: 2 3 751
4512: 2 2 2 2 2 3 47
4516: 2 2 1129
4518: 2 3 3 251
4522: 2 7 17 19
4546: 2 2273
4548: 2 2 3 379
4560: 2 2 2 2 3 5 19
4566: 2 3 761
4582: 2 29 79
4590: 2 3 3 3 5 17
4596: 2 2 3 383
4602: 2 3 13 59
4620: 2 2 3 5 7 11
4636: 2 2 19 61
4638: 2 3 773
4642: 2 11 211
4648: 2 2 2 7 83
4650: 2 3 5 5 31
4656: 2 2 2 2 3 97
4662: 2 3 3 7 37
4672: 2 2 2 2 2 2 73
4678: 2 2339
4690: 2 5 7 67
4702: 2 2351
4720: 2 2 2 2 5 59
4722: 2 3 787
4728: 2 2 2 3 197
4732: 2 2 7 13 13
4750: 2 5 5 5 19
4758: 2 3 13 61
4782: 2 3 797
4786: 2 2393
4788: 2 2 3 3 7 19
4792: 2 2 2 599
4798: 2 2399
4800: 2 2 2 2 2 2 3 5 5
4812: 2 2 3 401
4816: 2 2 2 2 7 43
4830: 2 3 5 7 23
4860: 2 2 3 3 3 3 3 5
4870: 2 5 487
4876: 2 2 23 53
4888: 2 2 2 13 47
4902: 2 3 19 43
4908: 2 2 3 409
4918: 2 2459
4930: 2 5 17 29
4932: 2 2 3 3 137
4936: 2 2 2 617
4942: 2 7 353
4950: 2 3 3 5 5 11
4956: 2 2 3 7 59
4966: 2 13 191
4968: 2 2 2 3 3 3 23
4972: 2 2 11 113
4986: 2 3 3 277
4992: 2 2 2 2 2 2 2 3 13
4998: 2 3 7 7 17
5002: 2 41 61
5008: 2 2 2 2 313
5010: 2 3 5 167
5020: 2 2 5 251
5022: 2 3 3 3 3 31
5038: 2 11 229
5050: 2 5 5 101
5058: 2 3 3 281
5076: 2 2 3 3 3 47
5080: 2 2 2 5 127
5086: 2 2543
5098: 2 2549
5100: 2 2 3 5 5 17
5106: 2 3 23 37
5112: 2 2 2 3 3 71
5118: 2 3 853
5146: 2 31 83
5152: 2 2 2 2 2 7 23
5166: 2 3 3 7 41
5170: 2 5 11 47
5178: 2 3 863
5188: 2 2 1297
5196: 2 2 3 433
5208: 2 2 2 3 7 31
5226: 2 3 13 67
5230: 2 5 523
5232: 2 2 2 2 3 109
5236: 2 2 7 11 17
5260: 2 2 5 263
5272: 2 2 2 659
5278: 2 7 13 29
5280: 2 2 2 2 2 3 5 11
5296: 2 2 2 2 331
5302: 2 11 241
5308: 2 2 1327
5322: 2 3 887
5332: 2 2 31 43
5346: 2 3 3 3 3 3 11
5350: 2 5 5 107
5380: 2 2 5 269
5386: 2 2693
5392: 2 2 2 2 337
5398: 2 2699
5406: 2 3 17 53
5412: 2 2 3 11 41
5416: 2 2 2 677
5418: 2 3 3 7 43
5430: 2 3 5 181
5436: 2 2 3 3 151
5440: 2 2 2 2 2 2 5 17
5442: 2 3 907
5448: 2 2 2 3 227
5470: 2 5 547
5476: 2 2 37 37
5478: 2 3 11 83
5482: 2 2741
5500: 2 2 5 5 5 11
5502: 2 3 7 131
5506: 2 2753
5518: 2 31 89
5520: 2 2 2 2 3 5 23
5526: 2 3 3 307
5530: 2 5 7 79
5556: 2 2 3 463
5562: 2 3 3 3 103
5568: 2 2 2 2 2 2 3 29
5572: 2 2 7 199
5580: 2 2 3 3 5 31
5590: 2 5 13 43
5622: 2 3 937
5638: 2 2819
5640: 2 2 2 3 5 47
5646: 2 3 941
5650: 2 5 5 113
5652: 2 2 3 3 157
5656: 2 2 2 7 101
5658: 2 3 23 41
5668: 2 2 13 109
5682: 2 3 947
5688: 2 2 2 3 3 79
5692: 2 2 1423
5700: 2 2 3 5 5 19
5710: 2 5 571
5716: 2 2 1429
5736: 2 2 2 3 239
5740: 2 2 5 7 41
5742: 2 3 3 11 29
5748: 2 2 3 479
5778: 2 3 3 3 107
5782: 2 7 7 59
5790: 2 3 5 193
5800: 2 2 2 5 5 29
5806: 2 2903
5812: 2 2 1453
5820: 2 2 3 5 97
5826: 2 3 971
5838: 2 3 7 139
5842: 2 23 127
5848: 2 2 2 17 43
5850: 2 3 3 5 5 13
5856: 2 2 2 2 2 3 61
5860: 2 2 5 293
5866: 2 7 419
5868: 2 2 3 3 163
5878: 2 2939
5880: 2 2 2 3 5 7 7
5896: 2 2 2 11 67
5902: 2 13 227
5922: 2 3 3 7 47
5926: 2 2963
5938: 2 2969
5952: 2 2 2 2 2 2 3 31
5980: 2 2 5 13 23
5986: 2 41 73
6006: 2 3 7 11 13
6010: 2 5 601
6028: 2 2 11 137
6036: 2 2 3 503
6042: 2 3 19 53
6046: 2 3023
6052: 2 2 17 89
6066: 2 3 3 337
6072: 2 2 2 3 11 23
6078: 2 3 1013
6088: 2 2 2 761
6090: 2 3 5 7 29
6100: 2 2 5 5 61
6112: 2 2 2 2 2 191
6120: 2 2 2 3 3 5 17
6130: 2 5 613
6132: 2 2 3 7 73
6142: 2 37 83
6150: 2 3 5 5 41
6162: 2 3 13 79
6172: 2 2 1543
6196: 2 2 1549
6198: 2 3 1033
6202: 2 7 443
6210: 2 3 3 3 5 23
6216: 2 2 2 3 7 37
6220: 2 2 5 311
6228: 2 2 3 3 173
6246: 2 3 3 347
6256: 2 2 2 2 17 23
6262: 2 31 101
6268: 2 2 1567
6270: 2 3 5 11 19
6276: 2 2 3 523
6286: 2 7 449
6298: 2 47 67
6300: 2 2 3 3 5 5 7
6310: 2 5 631
6316: 2 2 1579
6322: 2 29 109
6328: 2 2 2 7 113
6336: 2 2 2 2 2 2 3 3 11
6342: 2 3 7 151
6352: 2 2 2 2 397
6358: 2 11 17 17
6360: 2 2 2 3 5 53
6366: 2 3 1061
6372: 2 2 3 3 3 59
6378: 2 3 1063
6388: 2 2 1597
6396: 2 2 3 13 41
6420: 2 2 3 5 107
6426: 2 3 3 3 7 17
6448: 2 2 2 2 13 31
6450: 2 3 5 5 43
6468: 2 2 3 7 7 11
6472: 2 2 2 809
6480: 2 2 2 2 3 3 3 3 5
6490: 2 5 11 59
6520: 2 2 2 5 163
6528: 2 2 2 2 2 2 2 3 17
6546: 2 3 1091
6550: 2 5 5 131
6552: 2 2 2 3 3 7 13
6562: 2 17 193
6568: 2 2 2 821
6570: 2 3 3 5 73
6576: 2 2 2 2 3 137
6580: 2 2 5 7 47
6598: 2 3299
6606: 2 3 3 367
6618: 2 3 1103
6636: 2 2 3 7 79
6652: 2 2 1663
6658: 2 3329
6660: 2 2 3 3 5 37
6672: 2 2 2 2 3 139
6678: 2 3 3 7 53
6688: 2 2 2 2 2 11 19
6690: 2 3 5 223
6700: 2 2 5 5 67
6702: 2 3 1117
6708: 2 2 3 13 43
6718: 2 3359
6732: 2 2 3 3 11 17
6736: 2 2 2 2 421
6760: 2 2 2 5 13 13
6762: 2 3 7 7 23
6778: 2 3389
6780: 2 2 3 5 113
6790: 2 5 7 97
6792: 2 2 2 3 283
6802: 2 19 179
6822: 2 3 3 379
6826: 2 3413
6828: 2 2 3 569
6832: 2 2 2 2 7 61
6840: 2 2 2 3 3 5 19
6856: 2 2 2 857
6862: 2 47 73
6868: 2 2 17 101
6870: 2 3 5 229
6882: 2 3 31 37
6898: 2 3449
6906: 2 3 1151
6910: 2 5 691
6916: 2 2 7 13 19
6946: 2 23 151
6948: 2 2 3 3 193
6958: 2 7 7 71
6960: 2 2 2 2 3 5 29
6966: 2 3 3 3 3 43
6970: 2 5 17 41
6976: 2 2 2 2 2 2 109
6982: 2 3491
6990: 2 3 5 233
6996: 2 2 3 11 53
7000: 2 2 2 5 5 5 7
7012: 2 2 1753
7018: 2 11 11 29
7026: 2 3 1171
7038: 2 3 3 17 23
7042: 2 7 503
7056: 2 2 2 2 3 3 7 7
7068: 2 2 3 19 31
7078: 2 3539
7102: 2 53 67
7108: 2 2 1777
7120: 2 2 2 2 5 89
7126: 2 7 509
7128: 2 2 2 3 3 3 3 11
7150: 2 5 5 11 13
7158: 2 3 1193
7176: 2 2 2 3 13 23
7186: 2 3593
7192: 2 2 2 29 31
7206: 2 3 1201
7210: 2 5 7 103
7212: 2 2 3 601
7218: 2 3 3 401
7228: 2 2 13 139
7236: 2 2 3 3 3 67
7242: 2 3 17 71
7246: 2 3623
7252: 2 2 7 7 37
7282: 2 11 331
7296: 2 2 2 2 2 2 2 3 19
7306: 2 13 281
7308: 2 2 3 3 7 29
7320: 2 2 2 3 5 61
7330: 2 5 733
7332: 2 2 3 13 47
7348: 2 2 11 167
7350: 2 3 5 5 7 7
7368: 2 2 2 3 307
7392: 2 2 2 2 2 3 7 11
7410: 2 3 5 13 19
7416: 2 2 2 3 3 103
7432: 2 2 2 929
7450: 2 5 5 149
7456: 2 2 2 2 2 233
7458: 2 3 11 113
7476: 2 2 3 7 89
7480: 2 2 2 5 11 17
7486: 2 19 197
7488: 2 2 2 2 2 2 3 3 13
7498: 2 23 163
7506: 2 3 3 3 139
7516: 2 2 1879
7522: 2 3761
7528: 2 2 2 941
7536: 2 2 2 2 3 157
7540: 2 2 5 13 29
7546: 2 7 7 7 11
7548: 2 2 3 17 37
7558: 2 3779
7560: 2 2 2 3 3 3 5 7
7572: 2 2 3 631
7576: 2 2 2 947
7582: 2 17 223
7588: 2 2 7 271
7590: 2 3 5 11 23
7602: 2 3 7 181
7606: 2 3803
7620: 2 2 3 5 127
7638: 2 3 19 67
7642: 2 3821
7648: 2 2 2 2 2 239
7668: 2 2 3 3 3 71
7672: 2 2 2 7 137
7680: 2 2 2 2 2 2 2 2 2 3 5
7686: 2 3 3 7 61
7690: 2 5 769
7698: 2 3 1283
7702: 2 3851
7716: 2 2 3 643
7722: 2 3 3 3 11 13
7726: 2 3863
7740: 2 2 3 3 5 43
7752: 2 2 2 3 17 19
7756: 2 2 7 277
7758: 2 3 3 431
7788: 2 2 3 11 59
7792: 2 2 2 2 487
7816: 2 2 2 977
7822: 2 3911
7828: 2 2 19 103
7840: 2 2 2 2 2 5 7 7
7852: 2 2 13 151
7866: 2 3 3 19 23
7872: 2 2 2 2 2 2 3 41
7876: 2 2 11 179
7878: 2 3 13 101
7882: 2 7 563
7900: 2 2 5 5 79
7906: 2 59 67
7918: 2 37 107
